0100
8888
8888
8888
8888
8888
8888
8888
8888
8888
8888
8888
8888
8888
8888
8888
8888
8888
8888
8888
8888
8888
8888
8888
8888
8888
8888
8888
8888
8888
8888
8888
8888
8888
8888
8888
8888
8888
8888
8888
8888
8888
8888
8888
8888
8888
8888
8888
8888
8888
8888
8888
8888
8888
8888
8888
8888
8888
8888
8888
8888
8888
8888
8888
8888
8888
8888
8888
8888
8888
8888
8888
8888
8888
8888
8888
8888
8888
8888
8888
8888
8888
8888
8888
8888
8888
8888
8888
8888
8888
8888
8888
8888
8888
8888
8888
8888
8888
8888
8888
8888
8888
8888
8888
8888
8888
8888
8888
8888
8888
8888
8888
8888
8888
8888
8888
8888
8888
8888
8888
8888
8888
8888
8888
8888
8888
8888
8888
8888
8888
8888
8888
8888
8888
8888
8888
8888
8888
8888
8888
8888
8888
8888
8888
8888
8888
8888
8811
98FF
C012

